{
  "advancedEditorSelectedIdentifier" : "ShaderGraphEditorPluginID",
  "openSceneRelativePaths" : [
    "Immersive.usda",
    "yellowheart.usdc"
  ],
  "recentIdentifiers" : {
    "AF09ED6F-1707-48FD-8720-65B998362C09" : [

    ]
  },
  "sceneCameraHistory" : {
    "5D5A6117-4834-48EA-AA43-9ED90418E229" : [
      {
        "date" : 772117199.063292,
        "title" : "Untitled",
        "transform" : [
          0.78727496,
          -1.932749e-08,
          -0.61660206,
          0,
          -0.13294807,
          0.9764787,
          -0.1697476,
          0,
          0.6020988,
          0.21561414,
          0.76875716,
          0,
          0.17113374,
          0.047127284,
          0.22496629,
          1
        ]
      },
      {
        "date" : 772117188.083202,
        "title" : "Untitled",
        "transform" : [
          0.88814473,
          -1.9975511e-08,
          -0.4595638,
          0,
          -0.07381338,
          0.9870169,
          -0.1426505,
          0,
          0.45359728,
          0.16061626,
          0.8766138,
          0,
          0.1984978,
          0.048679266,
          0.39712957,
          1
        ]
      },
      {
        "date" : 772117179.413711,
        "title" : "Untitled",
        "transform" : [
          0.8630913,
          -2.0755323e-08,
          -0.50504786,
          0,
          -0.09389647,
          0.98256576,
          -0.16046254,
          0,
          0.49624273,
          0.18591604,
          0.84804386,
          0,
          0.21813974,
          0.060066126,
          0.3850845,
          1
        ]
      },
      {
        "date" : 772116666.329804,
        "title" : "Untitled",
        "transform" : [
          0.76902443,
          -2.2486827e-08,
          -0.6392194,
          0,
          -0.18610771,
          0.956678,
          -0.2239003,
          0,
          0.61152714,
          0.29114845,
          0.7357086,
          0,
          0.27228367,
          0.10760034,
          0.33729324,
          1
        ]
      },
      {
        "date" : 772109311.832797,
        "title" : "Untitled",
        "transform" : [
          0.76902443,
          -2.2486827e-08,
          -0.6392194,
          0,
          -0.18610771,
          0.956678,
          -0.2239003,
          0,
          0.61152714,
          0.29114845,
          0.7357086,
          0,
          0.1535584,
          0.051075056,
          0.19445813,
          1
        ]
      },
      {
        "date" : 772109308.823632,
        "title" : "Untitled",
        "transform" : [
          0.84643614,
          -3.093289e-08,
          -0.53249013,
          0,
          -0.2813098,
          0.84906334,
          -0.4471648,
          0,
          0.4521179,
          0.52829117,
          0.7186779,
          0,
          0.07573986,
          0.07452549,
          0.12806727,
          1
        ]
      },
      {
        "date" : 772109307.167796,
        "title" : "Untitled",
        "transform" : [
          0.84643614,
          -1.5888077e-08,
          -0.5324901,
          0,
          -0.2813097,
          0.8490633,
          -0.4471648,
          0,
          0.45211768,
          0.5282909,
          0.71867824,
          0,
          0.22641087,
          0.24805032,
          0.18819489,
          1
        ]
      },
      {
        "date" : 772108953.000721,
        "title" : "Untitled",
        "transform" : [
          0.97747827,
          -1.4926144e-08,
          -0.21103562,
          0,
          -0.0026391551,
          0.9999218,
          -0.012224532,
          0,
          0.21101886,
          0.012505888,
          0.977402,
          0,
          0.15948269,
          0.058412377,
          0.33659086,
          1
        ]
      },
      {
        "date" : 772108607.020648,
        "title" : "Untitled",
        "transform" : [
          0.61850375,
          -1.4618481e-08,
          -0.7857818,
          0,
          -0.29429844,
          0.927215,
          -0.231648,
          0,
          0.7285886,
          0.37452927,
          0.5734862,
          0,
          0.31334162,
          0.19329613,
          0.12369068,
          1
        ]
      },
      {
        "date" : 772108059.788628,
        "title" : "Untitled",
        "transform" : [
          0.98769134,
          -2.180042e-08,
          -0.15641534,
          0,
          0.00015423213,
          0.9999995,
          0.000973348,
          0,
          0.15641503,
          -0.0009857673,
          0.98769087,
          0,
          0.13952257,
          0.05324448,
          0.34564218,
          1
        ]
      }
    ],
    "AF09ED6F-1707-48FD-8720-65B998362C09" : [
      {
        "date" : 772109123.349616,
        "title" : "Untitled",
        "transform" : [
          -0.93335205,
          1.3955106e-09,
          -0.35896215,
          0,
          -0.16508897,
          0.8879675,
          0.4292545,
          0,
          0.3187467,
          0.4599063,
          -0.8287863,
          0,
          0.8243747,
          1.1894556,
          -2.14349,
          1
        ]
      },
      {
        "date" : 772109040.983121,
        "title" : "Untitled",
        "transform" : [
          0.8540089,
          -1.2362964e-09,
          -0.5202583,
          0,
          -0.08224955,
          0.9874242,
          -0.13501342,
          0,
          0.5137156,
          0.15809372,
          0.843269,
          0,
          1.3286227,
          0.4088778,
          2.1809466,
          1
        ]
      },
      {
        "date" : 772109030.597973,
        "title" : "Untitled",
        "transform" : [
          0.9958354,
          4.1209303e-10,
          -0.09116898,
          0,
          0.004809227,
          0.99860775,
          0.052531086,
          0,
          0.09104206,
          -0.052750718,
          0.99444896,
          0,
          0.23546204,
          -0.13642918,
          2.5719433,
          1
        ]
      }
    ]
  },
  "sceneViewportBackgroundColors" : {

  },
  "selectedSceneRelativePath" : "yellowheart.usdc"
}