{
  "advancedEditorSelectedIdentifier" : "ProjectBrowser",
  "openSceneRelativePaths" : [
    "Immersive.usda",
    "yellowheart.usdc",
    "ForestScene.usda",
    "TempForestScene.usda"
  ],
  "recentIdentifiers" : {
    "7C763EB2-CF85-4D19-AF8B-E03EC4BCEA69" : [

    ],
    "87F80D69-77C4-4BBF-93AD-83D0288A18D4" : [

    ],
    "AF09ED6F-1707-48FD-8720-65B998362C09" : [

    ]
  },
  "sceneCameraHistory" : {
    "5D5A6117-4834-48EA-AA43-9ED90418E229" : [
      {
        "date" : 772139285.013381,
        "title" : "Untitled",
        "transform" : [
          0.9852985,
          -1.7940039e-08,
          -0.17084143,
          0,
          -0.016301066,
          0.9954374,
          -0.094013885,
          0,
          0.17006205,
          0.09541673,
          0.980803,
          0,
          0.04497885,
          0.012450489,
          0.28273568,
          1
        ]
      },
      {
        "date" : 772117934.748012,
        "title" : "Untitled",
        "transform" : [
          0.99814355,
          -1.8440888e-08,
          -0.060904548,
          0,
          -0.0029337027,
          0.99883926,
          -0.0480803,
          0,
          0.06083394,
          0.0481698,
          0.99698496,
          0,
          0.013473108,
          -0.0011197487,
          0.28624254,
          1
        ]
      },
      {
        "date" : 772117602.665632,
        "title" : "Untitled",
        "transform" : [
          0.72939485,
          -1.9181797e-08,
          -0.6840929,
          0,
          -0.17519906,
          0.96664923,
          -0.18680115,
          0,
          0.6612779,
          0.2561043,
          0.7050689,
          0,
          0.18892863,
          0.05886,
          0.20726563,
          1
        ]
      },
      {
        "date" : 772117199.063292,
        "title" : "Untitled",
        "transform" : [
          0.78727496,
          -1.932749e-08,
          -0.61660206,
          0,
          -0.13294807,
          0.9764787,
          -0.1697476,
          0,
          0.6020988,
          0.21561414,
          0.76875716,
          0,
          0.17113374,
          0.047127284,
          0.22496629,
          1
        ]
      },
      {
        "date" : 772117188.083202,
        "title" : "Untitled",
        "transform" : [
          0.88814473,
          -1.9975511e-08,
          -0.4595638,
          0,
          -0.07381338,
          0.9870169,
          -0.1426505,
          0,
          0.45359728,
          0.16061626,
          0.8766138,
          0,
          0.1984978,
          0.048679266,
          0.39712957,
          1
        ]
      },
      {
        "date" : 772117179.413711,
        "title" : "Untitled",
        "transform" : [
          0.8630913,
          -2.0755323e-08,
          -0.50504786,
          0,
          -0.09389647,
          0.98256576,
          -0.16046254,
          0,
          0.49624273,
          0.18591604,
          0.84804386,
          0,
          0.21813974,
          0.060066126,
          0.3850845,
          1
        ]
      },
      {
        "date" : 772116666.329804,
        "title" : "Untitled",
        "transform" : [
          0.76902443,
          -2.2486827e-08,
          -0.6392194,
          0,
          -0.18610771,
          0.956678,
          -0.2239003,
          0,
          0.61152714,
          0.29114845,
          0.7357086,
          0,
          0.27228367,
          0.10760034,
          0.33729324,
          1
        ]
      },
      {
        "date" : 772109311.832797,
        "title" : "Untitled",
        "transform" : [
          0.76902443,
          -2.2486827e-08,
          -0.6392194,
          0,
          -0.18610771,
          0.956678,
          -0.2239003,
          0,
          0.61152714,
          0.29114845,
          0.7357086,
          0,
          0.1535584,
          0.051075056,
          0.19445813,
          1
        ]
      },
      {
        "date" : 772109308.823632,
        "title" : "Untitled",
        "transform" : [
          0.84643614,
          -3.093289e-08,
          -0.53249013,
          0,
          -0.2813098,
          0.84906334,
          -0.4471648,
          0,
          0.4521179,
          0.52829117,
          0.7186779,
          0,
          0.07573986,
          0.07452549,
          0.12806727,
          1
        ]
      },
      {
        "date" : 772109307.167796,
        "title" : "Untitled",
        "transform" : [
          0.84643614,
          -1.5888077e-08,
          -0.5324901,
          0,
          -0.2813097,
          0.8490633,
          -0.4471648,
          0,
          0.45211768,
          0.5282909,
          0.71867824,
          0,
          0.22641087,
          0.24805032,
          0.18819489,
          1
        ]
      }
    ],
    "6447A501-6A6E-43D9-8D3D-998B43B5B0CF" : [
      {
        "date" : 772300218.58065,
        "title" : "Untitled",
        "transform" : [
          0.022750014,
          -3.0292686e-09,
          -0.9997412,
          0,
          -0.3784949,
          0.92556345,
          -0.008612982,
          0,
          0.9253239,
          0.3785928,
          0.02105652,
          0,
          8.900966,
          4.454948,
          3.800256,
          1
        ]
      },
      {
        "date" : 772221302.740349,
        "title" : "Untitled",
        "transform" : [
          0.2722771,
          -2.4747582e-09,
          -0.96221876,
          0,
          -0.95546633,
          0.11826248,
          -0.27036634,
          0,
          0.11379443,
          0.99298227,
          0.032200113,
          0,
          -0.53054285,
          10.018052,
          3.5878744,
          1
        ]
      },
      {
        "date" : 772221297.818325,
        "title" : "Untitled",
        "transform" : [
          0.27178255,
          -1.2346494e-08,
          -0.96235865,
          0,
          -0.27534157,
          0.95819634,
          -0.077759996,
          0,
          0.9221287,
          0.28611118,
          0.26042098,
          0,
          9.0022745,
          3.4311366,
          5.4756002,
          1
        ]
      },
      {
        "date" : 772139350.595621,
        "title" : "Untitled",
        "transform" : [
          0.87860936,
          -1.0381367e-08,
          -0.47754124,
          0,
          -0.2869586,
          0.7993178,
          -0.5279638,
          0,
          0.38170728,
          0.6009085,
          0.7022881,
          0,
          2.773008,
          8.657511,
          10.709087,
          1
        ]
      },
      {
        "date" : 772139345.590981,
        "title" : "Untitled",
        "transform" : [
          0.9402073,
          -9.8332205e-09,
          0.34060267,
          0,
          0.19638228,
          0.81704557,
          -0.54209816,
          0,
          -0.2782879,
          0.5765731,
          0.76819235,
          0,
          -6.260452,
          8.330464,
          9.420016,
          1
        ]
      },
      {
        "date" : 772139301.202856,
        "title" : "Untitled",
        "transform" : [
          0.88101166,
          -7.675027e-09,
          -0.47309455,
          0,
          -0.18279265,
          0.92234105,
          -0.34040228,
          0,
          0.43635455,
          0.38637665,
          0.8125933,
          0,
          4.0648794,
          5.582461,
          10.061608,
          1
        ]
      },
      {
        "date" : 772139298.762277,
        "title" : "Untitled",
        "transform" : [
          0.88101166,
          -2.2739863e-09,
          -0.47309452,
          0,
          -0.18279263,
          0.92234105,
          -0.34040228,
          0,
          0.43635452,
          0.3863766,
          0.8125932,
          0,
          6.5730276,
          8.52216,
          14.021401,
          1
        ]
      },
      {
        "date" : 772139296.996409,
        "title" : "Untitled",
        "transform" : [
          0.8419219,
          -6.315304e-10,
          -0.5395994,
          0,
          -0.24586113,
          0.8901659,
          -0.38361028,
          0,
          0.480333,
          0.45563644,
          0.7494502,
          0,
          7.2590456,
          9.677312,
          12.887494,
          1
        ]
      },
      {
        "date" : 772139293.436991,
        "title" : "Untitled",
        "transform" : [
          0.9428268,
          -1.555482e-09,
          -0.33328325,
          0,
          -0.10836216,
          0.94566745,
          -0.30654636,
          0,
          0.31517512,
          0.3251354,
          0.89160067,
          0,
          3.0417304,
          5.0254936,
          10.300701,
          1
        ]
      },
      {
        "date" : 772139289.711937,
        "title" : "Untitled",
        "transform" : [
          0.94282675,
          1.4475461e-09,
          -0.33328325,
          0,
          -0.108362176,
          0.94566756,
          -0.30654636,
          0,
          0.31517518,
          0.32513535,
          0.89160067,
          0,
          0.8151375,
          0.8408976,
          2.3059468,
          1
        ]
      }
    ],
    "7C763EB2-CF85-4D19-AF8B-E03EC4BCEA69" : [
      {
        "date" : 772311762.838442,
        "title" : "Untitled",
        "transform" : [
          0.32327467,
          4.099365e-09,
          0.9463052,
          0,
          0.40063423,
          0.90595835,
          -0.13686378,
          0,
          -0.8573132,
          0.4233669,
          0.2928732,
          0,
          -1.0424545,
          0.9158292,
          -0.27019465,
          1
        ]
      },
      {
        "date" : 772311761.488979,
        "title" : "Untitled",
        "transform" : [
          0.75840145,
          6.445693e-09,
          0.6517877,
          0,
          0.08311687,
          0.99183583,
          -0.09671242,
          0,
          -0.6464666,
          0.12752141,
          0.75220966,
          0,
          -0.74808943,
          0.4292007,
          0.5208576,
          1
        ]
      },
      {
        "date" : 772311746.040403,
        "title" : "Untitled",
        "transform" : [
          0.51128954,
          7.169654e-09,
          0.8594085,
          0,
          0.15887448,
          0.98276395,
          -0.09451951,
          0,
          -0.8445958,
          0.18486494,
          0.50247675,
          0,
          -1.0094818,
          0.5214583,
          0.07087135,
          1
        ]
      },
      {
        "date" : 772311733.020187,
        "title" : "Untitled",
        "transform" : [
          0.69481295,
          9.28794e-09,
          0.7191905,
          0,
          0.022649141,
          0.99950397,
          -0.021881443,
          0,
          -0.7188339,
          0.03149258,
          0.6944682,
          0,
          -0.8270284,
          0.2767556,
          0.3910935,
          1
        ]
      },
      {
        "date" : 772311660.407666,
        "title" : "Untitled",
        "transform" : [
          0.8428865,
          6.0817995e-09,
          0.53809136,
          0,
          0.18151626,
          0.9413852,
          -0.2843339,
          0,
          -0.5065514,
          0.3373336,
          0.7934808,
          0,
          -0.5796088,
          0.7714648,
          0.66860676,
          1
        ]
      },
      {
        "date" : 772311658.824023,
        "title" : "Untitled",
        "transform" : [
          0.9314979,
          1.1396885e-08,
          0.36374673,
          0,
          0.014390816,
          0.99921715,
          -0.036852617,
          0,
          -0.36346206,
          0.03956282,
          0.9307685,
          0,
          -0.3349129,
          0.28946954,
          0.8650961,
          1
        ]
      },
      {
        "date" : 772311636.724087,
        "title" : "Untitled",
        "transform" : [
          0.68681705,
          1.2131117e-08,
          0.7268305,
          0,
          0.21975575,
          0.95319766,
          -0.20765777,
          0,
          -0.6928131,
          0.30234808,
          0.65467215,
          0,
          -0.8377875,
          0.7134663,
          0.37729508,
          1
        ]
      },
      {
        "date" : 772311631.625107,
        "title" : "Untitled",
        "transform" : [
          0.8253991,
          1.2106809e-08,
          0.56454974,
          0,
          0.18453729,
          0.9450676,
          -0.26980245,
          0,
          -0.5335378,
          0.3268752,
          0.7800577,
          0,
          -0.61776865,
          0.75408584,
          0.63618827,
          1
        ]
      },
      {
        "date" : 772311625.290954,
        "title" : "Untitled",
        "transform" : [
          0.7454408,
          1.3604408e-08,
          0.66657186,
          0,
          0.18788168,
          0.95945483,
          -0.21011189,
          0,
          -0.63954574,
          0.28186265,
          0.7152166,
          0,
          -0.7621772,
          0.6796856,
          0.48970276,
          1
        ]
      },
      {
        "date" : 772311605.441608,
        "title" : "Untitled",
        "transform" : [
          0.8712952,
          1.1580213e-08,
          0.49075925,
          0,
          0.20232703,
          0.9110602,
          -0.3592119,
          0,
          -0.44711146,
          0.41227347,
          0.79380226,
          0,
          -0.50020504,
          0.89706886,
          0.70283675,
          1
        ]
      }
    ],
    "87F80D69-77C4-4BBF-93AD-83D0288A18D4" : [
      {
        "date" : 772300312.025643,
        "title" : "Untitled",
        "transform" : [
          0.99402636,
          -1.8006293e-08,
          -0.10914167,
          0,
          -0.008800819,
          0.9967436,
          -0.080154866,
          0,
          0.108786225,
          0.080636546,
          0.9907891,
          0,
          3.96078,
          2.9358826,
          36.07347,
          1
        ]
      },
      {
        "date" : 772300282.842472,
        "title" : "Untitled",
        "transform" : [
          0.99816847,
          -1.7667963e-08,
          -0.060494427,
          0,
          -0.009591707,
          0.98735017,
          -0.15826465,
          0,
          0.05972916,
          0.158555,
          0.9855418,
          0,
          2.1746697,
          5.7728024,
          35.882423,
          1
        ]
      },
      {
        "date" : 772300277.675863,
        "title" : "Untitled",
        "transform" : [
          0.99862826,
          -1.7667963e-08,
          -0.05235924,
          0,
          -0.008301832,
          0.98735017,
          -0.15833755,
          0,
          0.05169688,
          0.158555,
          0.98599577,
          0,
          0.13370372,
          0.41007093,
          2.5500813,
          1
        ]
      },
      {
        "date" : 772300257.060217,
        "title" : "Untitled",
        "transform" : [
          0.45839608,
          -1.761747e-08,
          -0.888748,
          0,
          -0.17951836,
          0.9793876,
          -0.09259149,
          0,
          0.8704288,
          0.20199016,
          0.44894746,
          0,
          2.25119,
          0.5224072,
          1.1611128,
          1
        ]
      }
    ],
    "AF09ED6F-1707-48FD-8720-65B998362C09" : [
      {
        "date" : 772109123.349616,
        "title" : "Untitled",
        "transform" : [
          -0.93335205,
          1.3955106e-09,
          -0.35896215,
          0,
          -0.16508897,
          0.8879675,
          0.4292545,
          0,
          0.3187467,
          0.4599063,
          -0.8287863,
          0,
          0.8243747,
          1.1894556,
          -2.14349,
          1
        ]
      },
      {
        "date" : 772109040.983121,
        "title" : "Untitled",
        "transform" : [
          0.8540089,
          -1.2362964e-09,
          -0.5202583,
          0,
          -0.08224955,
          0.9874242,
          -0.13501342,
          0,
          0.5137156,
          0.15809372,
          0.843269,
          0,
          1.3286227,
          0.4088778,
          2.1809466,
          1
        ]
      },
      {
        "date" : 772109030.597973,
        "title" : "Untitled",
        "transform" : [
          0.9958354,
          4.1209303e-10,
          -0.09116898,
          0,
          0.004809227,
          0.99860775,
          0.052531086,
          0,
          0.09104206,
          -0.052750718,
          0.99444896,
          0,
          0.23546204,
          -0.13642918,
          2.5719433,
          1
        ]
      }
    ]
  },
  "sceneViewportBackgroundColors" : {

  },
  "selectedSceneRelativePath" : "TempForestScene.usda"
}