{
  "advancedEditorSelectedIdentifier" : "BehaviorsPluginID",
  "openSceneRelativePaths" : [
    "ForestScene.usda",
    "Untitled Scene.usda",
    "Scene.usda",
    "TempForestScene.usda"
  ],
  "recentIdentifiers" : {
    "6447A501-6A6E-43D9-8D3D-998B43B5B0CF" : [

    ],
    "7C763EB2-CF85-4D19-AF8B-E03EC4BCEA69" : [

    ]
  },
  "sceneCameraHistory" : {
    "6447A501-6A6E-43D9-8D3D-998B43B5B0CF" : [
      {
        "date" : 772531941.669439,
        "title" : "Untitled",
        "transform" : [
          0.98354757,
          -4.644054e-09,
          0.18064918,
          0,
          0.024539817,
          0.9907305,
          -0.13360745,
          0,
          -0.17897464,
          0.13584241,
          0.9744305,
          0,
          -7.1776247,
          6.257826,
          36.920727,
          1
        ]
      },
      {
        "date" : 772531938.590255,
        "title" : "Untitled",
        "transform" : [
          0.9848549,
          -4.644054e-09,
          0.17338057,
          0,
          0.023552433,
          0.9907305,
          -0.13378504,
          0,
          -0.17177342,
          0.13584241,
          0.9757257,
          0,
          -4.524869,
          4.1009145,
          24.229181,
          1
        ]
      },
      {
        "date" : 772531720.666158,
        "title" : "Untitled",
        "transform" : [
          0.9848549,
          -4.644054e-09,
          0.17338057,
          0,
          0.023552433,
          0.9907305,
          -0.13378504,
          0,
          -0.17177342,
          0.13584241,
          0.9757257,
          0,
          -3.4817114,
          3.155495,
          18.643415,
          1
        ]
      },
      {
        "date" : 772531696.851151,
        "title" : "Untitled",
        "transform" : [
          0.9848549,
          -4.644054e-09,
          0.17338057,
          0,
          0.023552433,
          0.9907305,
          -0.13378504,
          0,
          -0.17177343,
          0.13584243,
          0.9757258,
          0,
          -2.4676256,
          1.9514552,
          14.016871,
          1
        ]
      },
      {
        "date" : 772531692.151177,
        "title" : "Untitled",
        "transform" : [
          1,
          0,
          0,
          0,
          0,
          0.7071069,
          -0.70710677,
          0,
          0,
          0.70710677,
          0.7071069,
          0,
          0,
          3.2537036,
          3.253704,
          1
        ]
      }
    ],
    "7C763EB2-CF85-4D19-AF8B-E03EC4BCEA69" : [
      {
        "date" : 772598697.587296,
        "title" : "Untitled",
        "transform" : [
          0.99626184,
          7.981687e-09,
          -0.08638516,
          0,
          -0.08343046,
          0.25930253,
          -0.96218586,
          0,
          0.02239987,
          0.9657962,
          0.25833318,
          0,
          1.1370022,
          44.149754,
          -0.53489196,
          1
        ]
      },
      {
        "date" : 772598694.053905,
        "title" : "Untitled",
        "transform" : [
          0.99626184,
          7.981687e-09,
          -0.08638516,
          0,
          -0.08343046,
          0.25930253,
          -0.96218586,
          0,
          0.02239987,
          0.9657962,
          0.25833318,
          0,
          0.67138726,
          43.84602,
          0.64100754,
          1
        ]
      },
      {
        "date" : 772598681.123342,
        "title" : "Untitled",
        "transform" : [
          0.9989877,
          8.864239e-09,
          -0.044985615,
          0,
          0.004791311,
          0.9943118,
          0.1064,
          0,
          0.04472973,
          -0.10650782,
          0.9933052,
          0,
          1.6496276,
          26.393991,
          47.68627,
          1
        ]
      },
      {
        "date" : 772598676.004304,
        "title" : "Untitled",
        "transform" : [
          0.9989877,
          8.864239e-09,
          -0.044985615,
          0,
          0.004791311,
          0.9943118,
          0.1064,
          0,
          0.04472973,
          -0.10650782,
          0.9933052,
          0,
          4.3916583,
          16.19218,
          85.148056,
          1
        ]
      },
      {
        "date" : 772598576.443619,
        "title" : "Untitled",
        "transform" : [
          0.9989877,
          8.864239e-09,
          -0.044985615,
          0,
          0.004791311,
          0.9943118,
          0.1064,
          0,
          0.04472973,
          -0.10650782,
          0.9933052,
          0,
          12.371867,
          -27.069693,
          239.87303,
          1
        ]
      },
      {
        "date" : 772598391.754475,
        "title" : "Untitled",
        "transform" : [
          0.9989877,
          8.864239e-09,
          -0.044985615,
          0,
          0.004791311,
          0.9943118,
          0.1064,
          0,
          0.04472973,
          -0.10650782,
          0.9933052,
          0,
          16.032263,
          -35.07865,
          310.84293,
          1
        ]
      },
      {
        "date" : 772598374.080568,
        "title" : "Untitled",
        "transform" : [
          0.9989876,
          8.840564e-09,
          -0.044985607,
          0,
          0.0047913115,
          0.99431187,
          0.1064,
          0,
          0.04472972,
          -0.10650783,
          0.9933053,
          0,
          -0.93740296,
          -18.48866,
          96.05468,
          1
        ]
      },
      {
        "date" : 772598368.105389,
        "title" : "Untitled",
        "transform" : [
          0.9989876,
          8.840564e-09,
          -0.044985607,
          0,
          0.0047913115,
          0.99431187,
          0.1064,
          0,
          0.04472972,
          -0.10650783,
          0.9933053,
          0,
          -0.7432848,
          -14.660014,
          76.163605,
          1
        ]
      },
      {
        "date" : 772598347.220891,
        "title" : "Untitled",
        "transform" : [
          0.9999734,
          9.384624e-09,
          -0.0072894464,
          0,
          -0.00032510396,
          0.999005,
          -0.044596992,
          0,
          0.0072821905,
          0.04459817,
          0.9989785,
          0,
          -0.009437686,
          -0.9696186,
          26.069216,
          1
        ]
      },
      {
        "date" : 772598339.152822,
        "title" : "Untitled",
        "transform" : [
          0.9999734,
          9.473406e-09,
          -0.0072894464,
          0,
          -0.0027382346,
          0.9267646,
          -0.37563273,
          0,
          0.0067555946,
          0.3756427,
          0.92674,
          0,
          -0.02980768,
          12.912384,
          41.260883,
          1
        ]
      }
    ]
  },
  "sceneViewportBackgroundColors" : {

  },
  "selectedSceneRelativePath" : "ForestScene.usda"
}