{
  "advancedEditorSelectedIdentifier" : "BehaviorsPluginID",
  "openSceneRelativePaths" : [
    "Immersive.usda",
    "yellowheart.usdc",
    "TempForestScene.usda"
  ],
  "recentIdentifiers" : {
    "5D5A6117-4834-48EA-AA43-9ED90418E229" : [

    ],
    "7C763EB2-CF85-4D19-AF8B-E03EC4BCEA69" : [

    ],
    "AF09ED6F-1707-48FD-8720-65B998362C09" : [

    ]
  },
  "sceneCameraHistory" : {
    "2C10249D-A74C-427F-8C16-3182AE8AE9A9" : [
      {
        "date" : 772027953.949708,
        "title" : "Untitled",
        "transform" : [
          0.9567594,
          1.5789269e-08,
          -0.29088044,
          0,
          -0.010481884,
          0.9993506,
          -0.03447681,
          0,
          0.29069152,
          0.036035027,
          0.9561381,
          0,
          11.395366,
          5.5488663,
          27.364986,
          1
        ]
      }
    ],
    "5D5A6117-4834-48EA-AA43-9ED90418E229" : [
      {
        "date" : 772356747.417677,
        "title" : "Untitled",
        "transform" : [
          0.9293414,
          3.1565023e-08,
          -0.36922133,
          0,
          -0.09483879,
          0.9664482,
          -0.23871201,
          0,
          0.3568334,
          0.25686154,
          0.89816046,
          0,
          1.1474297,
          0.49248144,
          2.5465488,
          1
        ]
      },
      {
        "date" : 772124879.811433,
        "title" : "Untitled",
        "transform" : [
          0.85119766,
          2.9337752e-08,
          -0.52484524,
          0,
          -0.18319735,
          0.93710405,
          -0.29711065,
          0,
          0.4918347,
          0.3490502,
          0.79766077,
          0,
          1.5399764,
          0.7598086,
          2.2572567,
          1
        ]
      },
      {
        "date" : 772124858.711644,
        "title" : "Untitled",
        "transform" : [
          0.9227877,
          3.3519523e-08,
          -0.38530847,
          0,
          0.0003696053,
          0.9999995,
          0.0008853096,
          0,
          0.3853084,
          -0.0009593459,
          0.92278725,
          0,
          1.2040707,
          -0.24346323,
          2.5563614,
          1
        ]
      },
      {
        "date" : 772124849.276936,
        "title" : "Untitled",
        "transform" : [
          0.5810727,
          2.9783315e-08,
          -0.8138516,
          0,
          -0.19178687,
          0.9718373,
          -0.13693166,
          0,
          0.79093134,
          0.23565328,
          0.56470793,
          0,
          2.3523731,
          0.43131006,
          1.5245847,
          1
        ]
      },
      {
        "date" : 772124835.249233,
        "title" : "Untitled",
        "transform" : [
          0.6034306,
          3.1053624e-08,
          -0.7974156,
          0,
          -0.27373698,
          0.9392331,
          -0.2071457,
          0,
          0.7489592,
          0.34328023,
          0.5667619,
          0,
          2.256429,
          0.7430065,
          1.5493603,
          1
        ]
      },
      {
        "date" : 772124827.743536,
        "title" : "Untitled",
        "transform" : [
          0.96969676,
          3.0750147e-08,
          -0.24431188,
          0,
          -0.07058148,
          0.9573596,
          -0.2801444,
          0,
          0.2338943,
          0.288899,
          0.9283485,
          0,
          0.7996037,
          0.5851162,
          2.6575024,
          1
        ]
      },
      {
        "date" : 772014863.733483,
        "title" : "Untitled",
        "transform" : [
          0.96969664,
          2.919871e-08,
          -0.24431187,
          0,
          -0.07058148,
          0.95735955,
          -0.2801444,
          0,
          0.23389426,
          0.288899,
          0.9283485,
          0,
          0.66093296,
          0.5462288,
          2.4123058,
          1
        ]
      },
      {
        "date" : 772014854.866967,
        "title" : "Untitled",
        "transform" : [
          0.99930805,
          2.8390586e-08,
          0.03719343,
          0,
          0.008374343,
          0.97432244,
          -0.22500142,
          0,
          -0.036238473,
          0.22515722,
          0.97364837,
          0,
          -0.04263199,
          0.3801849,
          2.5314147,
          1
        ]
      },
      {
        "date" : 772012687.233886,
        "title" : "Untitled",
        "transform" : [
          0.88270396,
          2.7811325e-08,
          -0.46992943,
          0,
          0.033506647,
          0.99745476,
          0.062938124,
          0,
          0.46873334,
          -0.071301535,
          0.8804574,
          0,
          1.2349572,
          -0.3809495,
          2.2100172,
          1
        ]
      },
      {
        "date" : 772012684.216862,
        "title" : "Untitled",
        "transform" : [
          0.8377935,
          1.7371129e-08,
          -0.5459871,
          0,
          -0.12121584,
          0.97504383,
          -0.18600042,
          0,
          0.5323614,
          0.22201225,
          0.8168856,
          0,
          0.7811941,
          0.20381545,
          1.1469815,
          1
        ]
      }
    ],
    "7C763EB2-CF85-4D19-AF8B-E03EC4BCEA69" : [
      {
        "date" : 772362851.697986,
        "title" : "Untitled",
        "transform" : [
          0.99757737,
          -2.3720865e-09,
          0.069567114,
          0,
          0.0135005275,
          0.98098874,
          -0.19359468,
          0,
          -0.06824458,
          0.19406465,
          0.97861207,
          0,
          -7.5355926,
          16.452084,
          65.34574,
          1
        ]
      },
      {
        "date" : 772362841.577226,
        "title" : "Untitled",
        "transform" : [
          0.99757737,
          -2.3720865e-09,
          0.069567114,
          0,
          0.0135005275,
          0.98098874,
          -0.19359468,
          0,
          -0.06824458,
          0.19406465,
          0.97861207,
          0,
          -17.042305,
          34.77597,
          139.23984,
          1
        ]
      },
      {
        "date" : 772362830.309596,
        "title" : "Untitled",
        "transform" : [
          0.99757737,
          -2.3720865e-09,
          0.069567114,
          0,
          0.0135005275,
          0.98098874,
          -0.19359468,
          0,
          -0.06824458,
          0.19406465,
          0.97861207,
          0,
          -4.237465,
          10.095048,
          39.709953,
          1
        ]
      },
      {
        "date" : 772362772.542543,
        "title" : "Untitled",
        "transform" : [
          0.99757737,
          -2.3720865e-09,
          0.069567114,
          0,
          0.013500526,
          0.9809886,
          -0.19359465,
          0,
          -0.06824458,
          0.19406465,
          0.97861207,
          0,
          0.67673963,
          0.62307423,
          1.51265,
          1
        ]
      },
      {
        "date" : 772362770.92682,
        "title" : "Untitled",
        "transform" : [
          0.9984756,
          -1.2953422e-09,
          0.05519528,
          0,
          0.033612307,
          0.7931925,
          -0.60804254,
          0,
          -0.043780513,
          0.60897076,
          0.7919835,
          0,
          0.72207004,
          1.206758,
          1.0754802,
          1
        ]
      },
      {
        "date" : 772362769.23168,
        "title" : "Untitled",
        "transform" : [
          0.9984756,
          -1.2953422e-09,
          0.05519528,
          0,
          0.033612307,
          0.7931925,
          -0.60804254,
          0,
          -0.043780513,
          0.60897076,
          0.7919835,
          0,
          0.7303659,
          1.0913659,
          0.9254096,
          1
        ]
      },
      {
        "date" : 772362677.174633,
        "title" : "Untitled",
        "transform" : [
          0.99847573,
          -1.2953423e-09,
          0.055195287,
          0,
          0.03361231,
          0.7931926,
          -0.6080426,
          0,
          -0.043780513,
          0.60897076,
          0.7919835,
          0,
          0.7139312,
          1.0640578,
          0.9454991,
          1
        ]
      },
      {
        "date" : 772362657.947945,
        "title" : "Untitled",
        "transform" : [
          0.99172646,
          -2.598406e-10,
          -0.12836935,
          0,
          0.012962893,
          0.99488837,
          0.100145824,
          0,
          0.12771313,
          -0.100981414,
          0.98665696,
          0,
          0.9368976,
          0.15370338,
          1.2784691,
          1
        ]
      },
      {
        "date" : 772362639.557447,
        "title" : "Untitled",
        "transform" : [
          0.9798975,
          -1.9405046e-09,
          0.19950184,
          0,
          0.07013274,
          0.93617314,
          -0.34447256,
          0,
          -0.18676826,
          0.35153922,
          0.91735363,
          0,
          0.2632782,
          1.1380017,
          0.83880967,
          1
        ]
      },
      {
        "date" : 772362632.973292,
        "title" : "Untitled",
        "transform" : [
          0.9668936,
          3.461018e-10,
          0.25518012,
          0,
          0.035016857,
          0.99054,
          -0.13268116,
          0,
          -0.25276616,
          0.13722399,
          0.95774686,
          0,
          0.058641016,
          -0.114143796,
          0.9122435,
          1
        ]
      }
    ],
    "AF09ED6F-1707-48FD-8720-65B998362C09" : [
      {
        "date" : 772124603.813221,
        "title" : "Untitled",
        "transform" : [
          -0.6902021,
          1.1877736e-08,
          -0.72361666,
          0,
          0.10425895,
          0.98956597,
          -0.09944461,
          0,
          0.7160665,
          -0.14408039,
          -0.6830005,
          0,
          24.280676,
          -12.739429,
          -26.530249,
          1
        ]
      },
      {
        "date" : 772057467.647514,
        "title" : "Untitled",
        "transform" : [
          0.44863623,
          1.2220646e-08,
          -0.8937144,
          0,
          -0.4313109,
          0.8758382,
          -0.21651407,
          0,
          0.78274924,
          0.48260483,
          0.39293277,
          0,
          33.53146,
          11.508172,
          14.103245,
          1
        ]
      },
      {
        "date" : 772057453.508958,
        "title" : "Untitled",
        "transform" : [
          0.7237596,
          1.2127746e-08,
          0.6900524,
          0,
          0.054315243,
          0.9968974,
          -0.056968343,
          0,
          -0.68791133,
          0.07871175,
          0.721514,
          0,
          -24.326725,
          -4.474391,
          29.04976,
          1
        ]
      },
      {
        "date" : 772057447.990715,
        "title" : "Untitled",
        "transform" : [
          -0.74379426,
          1.9242457e-09,
          0.6684089,
          0,
          0.50317866,
          0.65824854,
          0.55992883,
          0,
          -0.4399791,
          0.7528008,
          -0.48960143,
          0,
          -21.986044,
          23.216053,
          -20.816511,
          1
        ]
      },
      {
        "date" : 772040344.498052,
        "title" : "Untitled",
        "transform" : [
          -0.9457726,
          3.7754946e-09,
          0.32482976,
          0,
          -0.12390498,
          0.9243912,
          -0.36076105,
          0,
          -0.30026972,
          -0.3814459,
          -0.8742638,
          0,
          -12.598182,
          -21.118504,
          -29.17178,
          1
        ]
      },
      {
        "date" : 772031575.116196,
        "title" : "Untitled",
        "transform" : [
          -0.9457726,
          3.7754946e-09,
          0.32482976,
          0,
          -0.123904966,
          0.9243911,
          -0.36076102,
          0,
          -0.3002697,
          -0.38144585,
          -0.8742637,
          0,
          -12.170282,
          -8.116322,
          -34.991665,
          1
        ]
      },
      {
        "date" : 772031546.612175,
        "title" : "Untitled",
        "transform" : [
          0.99457437,
          -5.9837835e-10,
          -0.1040282,
          0,
          -0.03217914,
          0.95095444,
          -0.3076526,
          0,
          0.09892609,
          0.30933094,
          0.9457949,
          0,
          4.298824,
          20.244316,
          39.715332,
          1
        ]
      },
      {
        "date" : 772031523.762175,
        "title" : "Untitled",
        "transform" : [
          0.99457437,
          -5.9837835e-10,
          -0.1040282,
          0,
          -0.03217914,
          0.95095444,
          -0.3076526,
          0,
          0.09892609,
          0.30933094,
          0.9457949,
          0,
          16.859312,
          50.176594,
          155.75731,
          1
        ]
      },
      {
        "date" : 772031521.842148,
        "title" : "Untitled",
        "transform" : [
          0.99457437,
          1.2642668e-09,
          -0.1040282,
          0,
          -0.032179143,
          0.95095444,
          -0.3076526,
          0,
          0.09892609,
          0.30933094,
          0.9457949,
          0,
          0.016858935,
          0.040175438,
          0.15575743,
          1
        ]
      },
      {
        "date" : 772031393.383376,
        "title" : "Untitled",
        "transform" : [
          0.99457425,
          9.955672e-10,
          -0.104028195,
          0,
          -0.03217908,
          0.9509544,
          -0.30765262,
          0,
          0.09892603,
          0.30933097,
          0.9457948,
          0,
          0.71066993,
          11.346638,
          5.899167,
          1
        ]
      }
    ],
    "EA5D5E2C-A943-41EB-9DAD-E0BD5B57D6E1" : [
      {
        "date" : 772027914.831635,
        "title" : "Untitled",
        "transform" : [
          0.9999984,
          -2.4277587e-11,
          0.0017895352,
          0,
          0.0005973792,
          0.9426376,
          -0.33381754,
          0,
          -0.0016868833,
          0.33381808,
          0.94263613,
          0,
          -0.0780361,
          15.4426,
          43.606842,
          1
        ]
      },
      {
        "date" : 772027901.891372,
        "title" : "Untitled",
        "transform" : [
          1,
          0,
          0,
          0,
          0,
          0.7071069,
          -0.70710677,
          0,
          0,
          0.70710677,
          0.7071069,
          0,
          0,
          32.711132,
          32.711136,
          1
        ]
      }
    ]
  },
  "sceneViewportBackgroundColors" : {

  },
  "selectedSceneRelativePath" : "TempForestScene.usda"
}