{
  "advancedEditorSelectedIdentifier" : "ProjectBrowser",
  "openSceneRelativePaths" : [
    "Immersive.usda",
    "yellowheart.usdc"
  ],
  "recentIdentifiers" : {
    "5D5A6117-4834-48EA-AA43-9ED90418E229" : [

    ],
    "AF09ED6F-1707-48FD-8720-65B998362C09" : [

    ]
  },
  "sceneCameraHistory" : {
    "2C10249D-A74C-427F-8C16-3182AE8AE9A9" : [
      {
        "date" : 772027953.949708,
        "title" : "Untitled",
        "transform" : [
          0.9567594,
          1.5789269e-08,
          -0.29088044,
          0,
          -0.010481884,
          0.9993506,
          -0.03447681,
          0,
          0.29069152,
          0.036035027,
          0.9561381,
          0,
          11.395366,
          5.5488663,
          27.364986,
          1
        ]
      }
    ],
    "5D5A6117-4834-48EA-AA43-9ED90418E229" : [
      {
        "date" : 772014863.733483,
        "title" : "Untitled",
        "transform" : [
          0.96969664,
          2.919871e-08,
          -0.24431187,
          0,
          -0.07058148,
          0.95735955,
          -0.2801444,
          0,
          0.23389426,
          0.288899,
          0.9283485,
          0,
          0.66093296,
          0.5462288,
          2.4123058,
          1
        ]
      },
      {
        "date" : 772014854.866967,
        "title" : "Untitled",
        "transform" : [
          0.99930805,
          2.8390586e-08,
          0.03719343,
          0,
          0.008374343,
          0.97432244,
          -0.22500142,
          0,
          -0.036238473,
          0.22515722,
          0.97364837,
          0,
          -0.04263199,
          0.3801849,
          2.5314147,
          1
        ]
      },
      {
        "date" : 772012687.233886,
        "title" : "Untitled",
        "transform" : [
          0.88270396,
          2.7811325e-08,
          -0.46992943,
          0,
          0.033506647,
          0.99745476,
          0.062938124,
          0,
          0.46873334,
          -0.071301535,
          0.8804574,
          0,
          1.2349572,
          -0.3809495,
          2.2100172,
          1
        ]
      },
      {
        "date" : 772012684.216862,
        "title" : "Untitled",
        "transform" : [
          0.8377935,
          1.7371129e-08,
          -0.5459871,
          0,
          -0.12121584,
          0.97504383,
          -0.18600042,
          0,
          0.5323614,
          0.22201225,
          0.8168856,
          0,
          0.7811941,
          0.20381545,
          1.1469815,
          1
        ]
      },
      {
        "date" : 772012675.367994,
        "title" : "Untitled",
        "transform" : [
          0.9122908,
          1.2374348e-09,
          -0.40954292,
          0,
          0.030857585,
          0.99715745,
          0.06873784,
          0,
          0.40837875,
          -0.075346425,
          0.90969765,
          0,
          1.1273938,
          -0.40725055,
          2.3803322,
          1
        ]
      },
      {
        "date" : 772012655.692928,
        "title" : "Untitled",
        "transform" : [
          0.9937282,
          4.357716e-09,
          -0.11182246,
          0,
          -0.033613145,
          0.9537522,
          -0.29870856,
          0,
          0.106650926,
          0.3005938,
          0.94777054,
          0,
          0.34362215,
          0.6004384,
          2.573762,
          1
        ]
      },
      {
        "date" : 772012650.633496,
        "title" : "Untitled",
        "transform" : [
          0.99372816,
          3.15589e-09,
          -0.11182247,
          0,
          -0.033613145,
          0.95375234,
          -0.2987086,
          0,
          0.10665092,
          0.3005938,
          0.9477705,
          0,
          0.29682657,
          0.8366013,
          2.6377993,
          1
        ]
      },
      {
        "date" : 772012595.781824,
        "title" : "Untitled",
        "transform" : [
          0.98812175,
          3.3474263e-09,
          -0.15367296,
          0,
          -0.03970573,
          0.9660439,
          -0.25530905,
          0,
          0.1484548,
          0.2583781,
          0.9545689,
          0,
          0.41317362,
          0.7191081,
          2.6567204,
          1
        ]
      },
      {
        "date" : 772012591.744185,
        "title" : "Untitled",
        "transform" : [
          0.95766544,
          3.059328e-09,
          -0.28788337,
          0,
          0.04517965,
          0.9876086,
          0.15029347,
          0,
          0.28431606,
          -0.15693733,
          0.94579864,
          0,
          0.30580398,
          -0.16879831,
          1.01728,
          1
        ]
      },
      {
        "date" : 772012567.379541,
        "title" : "Untitled",
        "transform" : [
          0.9825608,
          3.1619525e-09,
          -0.18594131,
          0,
          -0.016734723,
          0.9959417,
          -0.0884305,
          0,
          0.18518674,
          0.090000026,
          0.9785734,
          0,
          0.19918266,
          0.09680201,
          1.0525317,
          1
        ]
      }
    ],
    "AF09ED6F-1707-48FD-8720-65B998362C09" : [
      {
        "date" : 772040344.498052,
        "title" : "Untitled",
        "transform" : [
          -0.9457726,
          3.7754946e-09,
          0.32482976,
          0,
          -0.12390498,
          0.9243912,
          -0.36076105,
          0,
          -0.30026972,
          -0.3814459,
          -0.8742638,
          0,
          -12.598182,
          -21.118504,
          -29.17178,
          1
        ]
      },
      {
        "date" : 772031575.116196,
        "title" : "Untitled",
        "transform" : [
          -0.9457726,
          3.7754946e-09,
          0.32482976,
          0,
          -0.123904966,
          0.9243911,
          -0.36076102,
          0,
          -0.3002697,
          -0.38144585,
          -0.8742637,
          0,
          -12.170282,
          -8.116322,
          -34.991665,
          1
        ]
      },
      {
        "date" : 772031546.612175,
        "title" : "Untitled",
        "transform" : [
          0.99457437,
          -5.9837835e-10,
          -0.1040282,
          0,
          -0.03217914,
          0.95095444,
          -0.3076526,
          0,
          0.09892609,
          0.30933094,
          0.9457949,
          0,
          4.298824,
          20.244316,
          39.715332,
          1
        ]
      },
      {
        "date" : 772031523.762175,
        "title" : "Untitled",
        "transform" : [
          0.99457437,
          -5.9837835e-10,
          -0.1040282,
          0,
          -0.03217914,
          0.95095444,
          -0.3076526,
          0,
          0.09892609,
          0.30933094,
          0.9457949,
          0,
          16.859312,
          50.176594,
          155.75731,
          1
        ]
      },
      {
        "date" : 772031521.842148,
        "title" : "Untitled",
        "transform" : [
          0.99457437,
          1.2642668e-09,
          -0.1040282,
          0,
          -0.032179143,
          0.95095444,
          -0.3076526,
          0,
          0.09892609,
          0.30933094,
          0.9457949,
          0,
          0.016858935,
          0.040175438,
          0.15575743,
          1
        ]
      },
      {
        "date" : 772031393.383376,
        "title" : "Untitled",
        "transform" : [
          0.99457425,
          9.955672e-10,
          -0.104028195,
          0,
          -0.03217908,
          0.9509544,
          -0.30765262,
          0,
          0.09892603,
          0.30933097,
          0.9457948,
          0,
          0.71066993,
          11.346638,
          5.899167,
          1
        ]
      },
      {
        "date" : 772031380.468444,
        "title" : "Untitled",
        "transform" : [
          -0.93654555,
          2.0500568e-09,
          -0.35054573,
          0,
          -0.23336005,
          0.7462151,
          0.623463,
          0,
          0.26158258,
          0.6657049,
          -0.6988644,
          0,
          1.6296256,
          13.622571,
          -4.6195197,
          1
        ]
      },
      {
        "date" : 772030878.269526,
        "title" : "Untitled",
        "transform" : [
          0.33047462,
          2.2824076e-09,
          -0.9438148,
          0,
          -0.6476614,
          0.7273973,
          -0.2267772,
          0,
          0.6865284,
          0.6862166,
          0.2403864,
          0,
          4.556299,
          13.757484,
          1.4966992,
          1
        ]
      },
      {
        "date" : 772030867.639317,
        "title" : "Untitled",
        "transform" : [
          0.997906,
          3.1371974e-09,
          0.06468003,
          0,
          0.03337996,
          0.85654175,
          -0.5149971,
          0,
          -0.05540117,
          0.5160778,
          0.8547482,
          0,
          -0.52319425,
          15.304005,
          10.950325,
          1
        ]
      },
      {
        "date" : 772030858.16898,
        "title" : "Untitled",
        "transform" : [
          -0.59023345,
          1.0308696e-09,
          -0.80723274,
          0,
          -0.55412745,
          0.7271741,
          0.40516758,
          0,
          0.58699864,
          0.6864532,
          -0.4292024,
          0,
          7.6252413,
          17.514065,
          -5.806059,
          1
        ]
      }
    ],
    "EA5D5E2C-A943-41EB-9DAD-E0BD5B57D6E1" : [
      {
        "date" : 772027914.831635,
        "title" : "Untitled",
        "transform" : [
          0.9999984,
          -2.4277587e-11,
          0.0017895352,
          0,
          0.0005973792,
          0.9426376,
          -0.33381754,
          0,
          -0.0016868833,
          0.33381808,
          0.94263613,
          0,
          -0.0780361,
          15.4426,
          43.606842,
          1
        ]
      },
      {
        "date" : 772027901.891372,
        "title" : "Untitled",
        "transform" : [
          1,
          0,
          0,
          0,
          0,
          0.7071069,
          -0.70710677,
          0,
          0,
          0.70710677,
          0.7071069,
          0,
          0,
          32.711132,
          32.711136,
          1
        ]
      }
    ]
  },
  "sceneViewportBackgroundColors" : {

  },
  "selectedSceneRelativePath" : "Immersive.usda"
}